% -------------------------------------------------------------------
%  Generated by MATLAB on 28-Oct-2023 16:40:51
%  MATLAB version: 23.2.0.2365128 (R2023b)
% -------------------------------------------------------------------
                                  

A = ...
  [1 0 0 0 0;
   0 1 0 0 0;
   0 0 1 0 0;
   0 0 0 1 0;
   0 0 0 0 1];

B = ...
  [0 0 0;
   0 0 0;
   0 0 0];

C = ...
  [1 1 1 1;
   1 1 1 1;
   1 1 1 1;
   1 1 1 1];

D = ...
  [0.81472368639317894 0.91337585613901939 0.2784982188670484 0.96488853519927653 ...
   ;
   0.90579193707561922 0.63235924622540951 0.54688151920498385 0.15761308167754828 ...
   ;
   0.12698681629350606 0.097540404999409525 0.9575068354342976 0.9705927817606157 ...
   ];

E = ...
  [0.72540422494610557 -0.20496605829977463 1.4090344898004792 -1.2074869226850378 ...
   ;
   -0.063054873189656191 -0.12414434821631191 1.4171924134296139 0.71723865132883846 ...
   ;
   0.71474290382609584 1.4896976077854649 0.6714971336080805 1.6302352891647292 ...
   ];

