% -------------------------------------------------------------------
%  Generated by MATLAB on 28-Oct-2023 17:11:09
%  MATLAB version: 23.2.0.2365128 (R2023b)
% -------------------------------------------------------------------
                                  

A = ...
  [1 2 3;
   2 1 1;
   3 2 1];

B = ...
  [4 4 5;
   6 1 2;
   3 5 5];

C = ...
  [1 0 0;
   0 1 0;
   0 0 1];

ans = [4; 1; 5];

